52140 50118 50035
52151 50120 50035
52126 50120 50035
52138 50120 50035
52121 50116 50035
52168 50115 50035
52129 50120 50035
52144 50116 50035
52159 50116 50035
52134 50115 50035
52146 50116 50035
52164 50120 50035
52153 50118 50035
52154 50120 50035
52131 50116 50035
52125 0 50035
52165 50120 50035
52137 0 50035
52133 50116 50035
52162 0 50035
52157 50116 50035
52149 0 50035
52152 50120 50035
52130 50115 50035
52141 50120 50035
52155 50115 50035
52139 50120 50035
52170 50116 50035
52128 50118 50035
52150 0 50035
52219 0 50037
52207 0 50037
52191 0 50037
52214 50120 50037
52209 50118 50037
52200 0 50037
52182 50115 50037
52192 50116 50037
52195 0 50037
52173 50118 50037
52183 0 50037
52188 0 50037
52189 50115 50037
52203 0 50037
52218 50115 50037
52220 50118 50037
52172 50120 50037
52202 50120 50037
52216 50116 50037
52198 50118 50037
52176 0 50037
52196 50118 50037
52208 50118 50037
52178 50120 50037
52201 50115 50037
52204 50116 50037
52177 50115 50037
52205 50116 50037
52181 50116 50037
52180 50116 50037
52248 50118 50038
52235 50118 50038
52259 0 50038
52256 50116 50038
52231 0 50038
52247 50115 50038
52261 50118 50038
52258 0 50038
52237 50115 50038
52245 0 50038
52244 0 50038
52238 50120 50038
52269 50116 50038
52262 0 50038
52266 50115 50038
52270 0 50038
52226 50120 50038
52240 50115 50038
52252 0 50038
52241 50116 50038
52253 50115 50038
52243 50116 50038
52263 50115 50038
52257 0 50038
52251 50120 50038
52254 50116 50038
52229 0 50038
52264 50120 50038
52255 0 50038
52224 50118 50038
52300 50116 50041
52294 50115 50041
52273 50118 50041
52290 0 50041
52289 50118 50041
52299 50115 50041
52283 50115 50041
52318 0 50041
52276 0 50041
52320 50116 50041
52298 50120 50041
52274 0 50041
52275 50116 50041
52316 50116 50041
52311 50120 50041
52293 50115 50041
52314 50120 50041
52309 50115 50041
52291 50116 50041
52313 0 50041
52297 0 50041
52288 50116 50041
52295 50120 50041
52315 50115 50041
52306 0 50041
52278 50115 50041
52304 50116 50041
52279 50120 50041
52292 0 50041
52302 0 50041
52363 50116 50042
52358 0 50042
52350 50115 50042
52345 50115 50042
52360 50120 50042
52335 50116 50042
52337 50115 50042
52325 0 50042
52365 50115 50042
52347 0 50042
52343 50115 50042
52369 50118 50042
52370 50118 50042
52359 50115 50042
52353 0 50042
52327 50118 50042
52366 50115 50042
52349 50116 50042
52346 50120 50042
52344 0 50042
52328 50118 50042
52361 0 50042
52324 50115 50042
52322 50115 50042
52342 50118 50042
52356 50118 50042
52323 50115 50042
52331 50115 50042
52333 0 50042
52338 50115 50042
52416 0 50043
52407 50116 50043
52378 50120 50043
52374 50116 50043
52386 50120 50043
52372 0 50043
52373 50120 50043
52402 50120 50043
52383 50116 50043
52419 0 50043
52399 50116 50043
52388 50118 50043
52409 50118 50043
52382 50116 50043
52415 50116 50043
52411 0 50043
52390 50116 50043
52391 50116 50043
52385 50118 50043
52400 0 50043
52414 50116 50043
52396 50118 50043
52401 50118 50043
52403 0 50043
52408 0 50043
52384 0 50043
52380 50118 50043
52387 0 50043
52410 50120 50043
52413 50120 50043
52447 50115 50044
52444 50115 50044
52470 50120 50044
52421 50116 50044
52430 50120 50044
52468 50115 50044
52450 50120 50044
52458 50115 50044
52423 0 50044
52453 0 50044
52464 50115 50044
52439 50115 50044
52456 0 50044
52465 0 50044
52438 50115 50044
52429 50115 50044
52466 0 50044
52437 0 50044
52455 50120 50044
52428 50115 50044
52433 0 50044
52460 0 50044
52441 50116 50044
52440 0 50044
52435 50120 50044
52422 50120 50044
52449 0 50044
52424 50115 50044
52436 0 50044
52461 50116 50044
52489 50116 50045
52496 0 50045
52492 50115 50045
52474 50118 50045
52517 50120 50045
52485 0 50045
52472 50120 50045
52495 0 50045
52494 50116 50045
52509 0 50045
52503 0 50045
52471 50115 50045
52511 0 50045
52498 50118 50045
52502 0 50045
52473 0 50045
52507 0 50045
52519 0 50045
52499 0 50045
52512 50120 50045
52514 0 50045
52486 50118 50045
52487 0 50045
52482 50116 50045
52504 50115 50045
52488 50120 50045
52476 50120 50045
52477 50116 50045
52491 0 50045
52479 0 50045
